"Status","Start Time","Stop Time","Duration in ms","Parent Suite","Suite","Sub Suite","Test Class","Test Method","Name","Description"
"passed","Wed Aug 20 16:36:15 UTC 2025","Wed Aug 20 16:36:25 UTC 2025","10032","","com.zerobank.project.ZeroBank2Test","","com.zerobank.project.ZeroBank2Test","tableCertainCellsAssert","tableCertainCellsAssert(Quest)","COMPONENTS: Button, Input, Link, List, Validate, Select, Table"
"passed","Wed Aug 20 16:35:54 UTC 2025","Wed Aug 20 16:36:22 UTC 2025","28635","","com.zerobank.project.ZeroBank2Test","","com.zerobank.project.ZeroBank2Test","tableWithButtonCustomServiceAssert","tableWithButtonCustomServiceAssert(Quest)","COMPONENTS: Button, Input, Link, List, Validate, Select, Table"
"passed","Wed Aug 20 16:35:54 UTC 2025","Wed Aug 20 16:36:20 UTC 2025","26884","","com.zerobank.project.ZeroBank2Test","","com.zerobank.project.ZeroBank2Test","paragraphTextValueTestMixedAssertions","paragraphTextValueTestMixedAssertions(Quest)","COMPONENTS: Button, Input, Link, List, Validate, Select"
"passed","Wed Aug 20 16:35:54 UTC 2025","Wed Aug 20 16:36:23 UTC 2025","29653","","com.zerobank.project.ZeroBank2Test","","com.zerobank.project.ZeroBank2Test","paragraphTextValueTestSoftAssertions","paragraphTextValueTestSoftAssertions(Quest)","COMPONENTS: Button, Input, Link, List, Validate, Select, Alert"
"passed","Wed Aug 20 16:36:48 UTC 2025","Wed Aug 20 16:37:12 UTC 2025","24205","","com.zerobank.project.ZeroBank6Test","","com.zerobank.project.ZeroBank6Test","tableFromToRowsCertainCellsAssert","tableFromToRowsCertainCellsAssert(Quest)","COMPONENTS: Button, Input, Link, List, Validate, Select, Table"
"passed","Wed Aug 20 16:35:47 UTC 2025","Wed Aug 20 16:36:21 UTC 2025","34301","","com.zerobank.project.ZeroBank4Test","","com.zerobank.project.ZeroBank4Test","paragraphTextValueTestSoftAssertions","paragraphTextValueTestSoftAssertions(Quest)","COMPONENTS: Button, Input, Link, List, Validate, Select, Alert"
"passed","Wed Aug 20 16:35:56 UTC 2025","Wed Aug 20 16:36:24 UTC 2025","28916","","com.zerobank.project.ZeroBank5Test","","com.zerobank.project.ZeroBank5Test","tableAssert","tableAssert(Quest)","COMPONENTS: Button, Input, Link, List, Validate, Select, Table"
"passed","Wed Aug 20 16:36:03 UTC 2025","Wed Aug 20 16:36:27 UTC 2025","23326","","com.zerobank.project.ZeroBank7Test","","com.zerobank.project.ZeroBank7Test","tableWithLinkComponentAssert","tableWithLinkComponentAssert(Quest)","COMPONENTS: Button, Input, Link, List, Validate, Select, Table"
"passed","Wed Aug 20 16:36:16 UTC 2025","Wed Aug 20 16:36:26 UTC 2025","10348","","com.zerobank.project.ZeroBank3Test","","com.zerobank.project.ZeroBank3Test","tableWithButtonCustomServiceClickElementWithSearchCriteriaAssert","tableWithButtonCustomServiceClickElementWithSearchCriteriaAssert(Quest)","COMPONENTS: Button, Input, Link, List, Validate, Select, Table"
"passed","Wed Aug 20 16:35:55 UTC 2025","Wed Aug 20 16:36:18 UTC 2025","23592","","com.zerobank.project.ZeroBank3Test","","com.zerobank.project.ZeroBank3Test","tableFromToRowsAssert","tableFromToRowsAssert(Quest)","COMPONENTS: Button, Input, Link, List, Validate, Select, Table"
"passed","Wed Aug 20 16:37:14 UTC 2025","Wed Aug 20 16:37:24 UTC 2025","9972","","com.zerobank.project.ZeroBank6Test","","com.zerobank.project.ZeroBank6Test","tableCertainCellsAssert","tableCertainCellsAssert(Quest)","COMPONENTS: Button, Input, Link, List, Validate, Select, Table"
"passed","Wed Aug 20 16:36:18 UTC 2025","Wed Aug 20 16:36:29 UTC 2025","10694","","com.zerobank.project.ZeroBank5Test","","com.zerobank.project.ZeroBank5Test","tableCertainCellsAssert","tableCertainCellsAssert(Quest)","COMPONENTS: Button, Input, Link, List, Validate, Select, Table"
"passed","Wed Aug 20 16:35:56 UTC 2025","Wed Aug 20 16:36:26 UTC 2025","30633","","com.zerobank.project.ZeroBank5Test","","com.zerobank.project.ZeroBank5Test","tableWithButtonCustomServiceAssert","tableWithButtonCustomServiceAssert(Quest)","COMPONENTS: Button, Input, Link, List, Validate, Select, Table"
"passed","Wed Aug 20 16:36:03 UTC 2025","Wed Aug 20 16:36:25 UTC 2025","21212","","com.zerobank.project.ZeroBank7Test","","com.zerobank.project.ZeroBank7Test","tableFromToRowsCertainCellsAssert","tableFromToRowsCertainCellsAssert(Quest)","COMPONENTS: Button, Input, Link, List, Validate, Select, Table"
"passed","Wed Aug 20 16:36:12 UTC 2025","Wed Aug 20 16:36:22 UTC 2025","10171","","com.zerobank.project.ZeroBankTest","","com.zerobank.project.ZeroBankTest","tableWithButtonCustomServiceClickElementWithSearchCriteriaAssert","tableWithButtonCustomServiceClickElementWithSearchCriteriaAssert(Quest)","COMPONENTS: Button, Input, Link, List, Validate, Select, Table"
"passed","Wed Aug 20 16:36:17 UTC 2025","Wed Aug 20 16:36:27 UTC 2025","9790","","com.zerobank.project.ZeroBank3Test","","com.zerobank.project.ZeroBank3Test","tableCertainCellsAssert","tableCertainCellsAssert(Quest)","COMPONENTS: Button, Input, Link, List, Validate, Select, Table"
"passed","Wed Aug 20 16:35:56 UTC 2025","Wed Aug 20 16:36:22 UTC 2025","26384","","com.zerobank.project.ZeroBank5Test","","com.zerobank.project.ZeroBank5Test","radioButtonTest","radioButtonTest(Quest)","COMPONENTS: Button, Input, Link, List, Select, Radio, Alert"
"passed","Wed Aug 20 16:35:56 UTC 2025","Wed Aug 20 16:36:28 UTC 2025","32120","","com.zerobank.project.ZeroBank5Test","","com.zerobank.project.ZeroBank5Test","paragraphTextValueTestSoftAssertions","paragraphTextValueTestSoftAssertions(Quest)","COMPONENTS: Button, Input, Link, List, Validate, Select, Alert"
"passed","Wed Aug 20 16:35:49 UTC 2025","Wed Aug 20 16:36:15 UTC 2025","26253","","com.zerobank.project.ZeroBank1Test","","com.zerobank.project.ZeroBank1Test","radioButtonTest","radioButtonTest(Quest)","COMPONENTS: Button, Input, Link, List, Select, Radio, Alert"
"passed","Wed Aug 20 16:35:52 UTC 2025","Wed Aug 20 16:36:18 UTC 2025","26590","","com.zerobank.project.ZeroBankTest","","com.zerobank.project.ZeroBankTest","paragraphTextValueTestMixedAssertions","paragraphTextValueTestMixedAssertions(Quest)","COMPONENTS: Button, Input, Link, List, Validate, Select"
"passed","Wed Aug 20 16:35:52 UTC 2025","Wed Aug 20 16:36:13 UTC 2025","20935","","com.zerobank.project.ZeroBankTest","","com.zerobank.project.ZeroBankTest","tableFromToRowsCertainCellsAssert","tableFromToRowsCertainCellsAssert(Quest)","COMPONENTS: Button, Input, Link, List, Validate, Select, Table"
"passed","Wed Aug 20 16:35:49 UTC 2025","Wed Aug 20 16:36:17 UTC 2025","28517","","com.zerobank.project.ZeroBank1Test","","com.zerobank.project.ZeroBank1Test","paragraphTextValueTestMixedAssertions","paragraphTextValueTestMixedAssertions(Quest)","COMPONENTS: Button, Input, Link, List, Validate, Select"
"passed","Wed Aug 20 16:36:09 UTC 2025","Wed Aug 20 16:36:21 UTC 2025","11558","","com.zerobank.project.ZeroBank4Test","","com.zerobank.project.ZeroBank4Test","tableFromToRowsAssert","tableFromToRowsAssert(Quest)","COMPONENTS: Button, Input, Link, List, Validate, Select, Table"
"passed","Wed Aug 20 16:36:10 UTC 2025","Wed Aug 20 16:36:21 UTC 2025","10787","","com.zerobank.project.ZeroBank1Test","","com.zerobank.project.ZeroBank1Test","tableCertainCellsAssert","tableCertainCellsAssert(Quest)","COMPONENTS: Button, Input, Link, List, Validate, Select, Table"
"passed","Wed Aug 20 16:36:15 UTC 2025","Wed Aug 20 16:36:25 UTC 2025","10202","","com.zerobank.project.ZeroBank2Test","","com.zerobank.project.ZeroBank2Test","tableWithButtonCustomServiceClickElementWithSearchCriteriaAssert","tableWithButtonCustomServiceClickElementWithSearchCriteriaAssert(Quest)","COMPONENTS: Button, Input, Link, List, Validate, Select, Table"
"passed","Wed Aug 20 16:35:55 UTC 2025","Wed Aug 20 16:36:18 UTC 2025","23057","","com.zerobank.project.ZeroBank3Test","","com.zerobank.project.ZeroBank3Test","tableFromToRowsCertainCellsAssert","tableFromToRowsCertainCellsAssert(Quest)","COMPONENTS: Button, Input, Link, List, Validate, Select, Table"
"passed","Wed Aug 20 16:35:56 UTC 2025","Wed Aug 20 16:36:16 UTC 2025","20283","","com.zerobank.project.ZeroBank5Test","","com.zerobank.project.ZeroBank5Test","tableWithButtonCustomServiceReadRowWithSearchCriteriaAssert","tableWithButtonCustomServiceReadRowWithSearchCriteriaAssert(Quest)","COMPONENTS: Button, Input, Link, List, Validate, Select, Table"
"passed","Wed Aug 20 16:36:16 UTC 2025","Wed Aug 20 16:36:27 UTC 2025","10222","","com.zerobank.project.ZeroBank5Test","","com.zerobank.project.ZeroBank5Test","tableWithButtonCustomServiceClickElementWithSearchCriteriaAssert","tableWithButtonCustomServiceClickElementWithSearchCriteriaAssert(Quest)","COMPONENTS: Button, Input, Link, List, Validate, Select, Table"
"passed","Wed Aug 20 16:35:52 UTC 2025","Wed Aug 20 16:36:20 UTC 2025","28898","","com.zerobank.project.ZeroBankTest","","com.zerobank.project.ZeroBankTest","tableWithButtonCustomServiceAssert","tableWithButtonCustomServiceAssert(Quest)","COMPONENTS: Button, Input, Link, List, Validate, Select, Table"
"passed","Wed Aug 20 16:35:47 UTC 2025","Wed Aug 20 16:36:17 UTC 2025","30261","","com.zerobank.project.ZeroBank4Test","","com.zerobank.project.ZeroBank4Test","tableAssert","tableAssert(Quest)","COMPONENTS: Button, Input, Link, List, Validate, Select, Table"
"passed","Wed Aug 20 16:35:47 UTC 2025","Wed Aug 20 16:36:17 UTC 2025","29816","","com.zerobank.project.ZeroBank4Test","","com.zerobank.project.ZeroBank4Test","paragraphTextValueTestMixedAssertions","paragraphTextValueTestMixedAssertions(Quest)","COMPONENTS: Button, Input, Link, List, Validate, Select"
"passed","Wed Aug 20 16:35:52 UTC 2025","Wed Aug 20 16:36:16 UTC 2025","24859","","com.zerobank.project.ZeroBankTest","","com.zerobank.project.ZeroBankTest","radioButtonTest","radioButtonTest(Quest)","COMPONENTS: Button, Input, Link, List, Select, Radio, Alert"
"passed","Wed Aug 20 16:35:56 UTC 2025","Wed Aug 20 16:36:16 UTC 2025","20827","","com.zerobank.project.ZeroBank5Test","","com.zerobank.project.ZeroBank5Test","tableFromToRowsCertainCellsAssert","tableFromToRowsCertainCellsAssert(Quest)","COMPONENTS: Button, Input, Link, List, Validate, Select, Table"
"passed","Wed Aug 20 16:36:48 UTC 2025","Wed Aug 20 16:37:18 UTC 2025","30001","","com.zerobank.project.ZeroBank6Test","","com.zerobank.project.ZeroBank6Test","radioButtonTest","radioButtonTest(Quest)","COMPONENTS: Button, Input, Link, List, Select, Radio, Alert"
"passed","Wed Aug 20 16:35:54 UTC 2025","Wed Aug 20 16:36:21 UTC 2025","27159","","com.zerobank.project.ZeroBank2Test","","com.zerobank.project.ZeroBank2Test","paragraphTextValueTestHardAssertions","paragraphTextValueTestHardAssertions(Quest)","COMPONENTS: Button, Input, Link, List, Validate, Select"
"passed","Wed Aug 20 16:35:55 UTC 2025","Wed Aug 20 16:36:21 UTC 2025","25960","","com.zerobank.project.ZeroBank3Test","","com.zerobank.project.ZeroBank3Test","radioButtonTest","radioButtonTest(Quest)","COMPONENTS: Button, Input, Link, List, Select, Radio, Alert"
"passed","Wed Aug 20 16:37:12 UTC 2025","Wed Aug 20 16:37:23 UTC 2025","11147","","com.zerobank.project.ZeroBank6Test","","com.zerobank.project.ZeroBank6Test","tableWithButtonCustomServiceClickElementWithSearchCriteriaAssert","tableWithButtonCustomServiceClickElementWithSearchCriteriaAssert(Quest)","COMPONENTS: Button, Input, Link, List, Validate, Select, Table"
"passed","Wed Aug 20 16:35:54 UTC 2025","Wed Aug 20 16:36:15 UTC 2025","21059","","com.zerobank.project.ZeroBank2Test","","com.zerobank.project.ZeroBank2Test","tableFromToRowsCertainCellsAssert","tableFromToRowsCertainCellsAssert(Quest)","COMPONENTS: Button, Input, Link, List, Validate, Select, Table"
"passed","Wed Aug 20 16:35:49 UTC 2025","Wed Aug 20 16:36:18 UTC 2025","29424","","com.zerobank.project.ZeroBank1Test","","com.zerobank.project.ZeroBank1Test","paragraphTextValueTestHardAssertions","paragraphTextValueTestHardAssertions(Quest)","COMPONENTS: Button, Input, Link, List, Validate, Select"
"passed","Wed Aug 20 16:36:24 UTC 2025","Wed Aug 20 16:36:35 UTC 2025","10643","","com.zerobank.project.ZeroBank7Test","","com.zerobank.project.ZeroBank7Test","tableFromToRowsAssert","tableFromToRowsAssert(Quest)","COMPONENTS: Button, Input, Link, List, Validate, Select, Table"
"passed","Wed Aug 20 16:36:10 UTC 2025","Wed Aug 20 16:36:21 UTC 2025","10656","","com.zerobank.project.ZeroBank4Test","","com.zerobank.project.ZeroBank4Test","tableCertainCellsAssert","tableCertainCellsAssert(Quest)","COMPONENTS: Button, Input, Link, List, Validate, Select, Table"
"passed","Wed Aug 20 16:35:49 UTC 2025","Wed Aug 20 16:36:11 UTC 2025","22604","","com.zerobank.project.ZeroBank1Test","","com.zerobank.project.ZeroBank1Test","tableFromToRowsAssert","tableFromToRowsAssert(Quest)","COMPONENTS: Button, Input, Link, List, Validate, Select, Table"
"passed","Wed Aug 20 16:35:54 UTC 2025","Wed Aug 20 16:36:18 UTC 2025","24358","","com.zerobank.project.ZeroBank2Test","","com.zerobank.project.ZeroBank2Test","radioButtonTest","radioButtonTest(Quest)","COMPONENTS: Button, Input, Link, List, Select, Radio, Alert"
"passed","Wed Aug 20 16:36:03 UTC 2025","Wed Aug 20 16:36:33 UTC 2025","29631","","com.zerobank.project.ZeroBank7Test","","com.zerobank.project.ZeroBank7Test","tableAssert","tableAssert(Quest)","COMPONENTS: Button, Input, Link, List, Validate, Select, Table"
"passed","Wed Aug 20 16:36:16 UTC 2025","Wed Aug 20 16:36:27 UTC 2025","10811","","com.zerobank.project.ZeroBank5Test","","com.zerobank.project.ZeroBank5Test","tableFromToRowsAssert","tableFromToRowsAssert(Quest)","COMPONENTS: Button, Input, Link, List, Validate, Select, Table"
"passed","Wed Aug 20 16:35:47 UTC 2025","Wed Aug 20 16:36:18 UTC 2025","30867","","com.zerobank.project.ZeroBank4Test","","com.zerobank.project.ZeroBank4Test","paragraphTextValueTestHardAssertions","paragraphTextValueTestHardAssertions(Quest)","COMPONENTS: Button, Input, Link, List, Validate, Select"
"passed","Wed Aug 20 16:36:48 UTC 2025","Wed Aug 20 16:37:23 UTC 2025","35720","","com.zerobank.project.ZeroBank6Test","","com.zerobank.project.ZeroBank6Test","paragraphTextValueTestSoftAssertions","paragraphTextValueTestSoftAssertions(Quest)","COMPONENTS: Button, Input, Link, List, Validate, Select, Alert"
"passed","Wed Aug 20 16:35:55 UTC 2025","Wed Aug 20 16:36:25 UTC 2025","30701","","com.zerobank.project.ZeroBank3Test","","com.zerobank.project.ZeroBank3Test","paragraphTextValueTestSoftAssertions","paragraphTextValueTestSoftAssertions(Quest)","COMPONENTS: Button, Input, Link, List, Validate, Select, Alert"
"passed","Wed Aug 20 16:36:48 UTC 2025","Wed Aug 20 16:37:14 UTC 2025","26627","","com.zerobank.project.ZeroBank6Test","","com.zerobank.project.ZeroBank6Test","tableWithLinkComponentAssert","tableWithLinkComponentAssert(Quest)","COMPONENTS: Button, Input, Link, List, Validate, Select, Table"
"passed","Wed Aug 20 16:35:56 UTC 2025","Wed Aug 20 16:36:19 UTC 2025","23442","","com.zerobank.project.ZeroBank5Test","","com.zerobank.project.ZeroBank5Test","tableWithLinkComponentAssert","tableWithLinkComponentAssert(Quest)","COMPONENTS: Button, Input, Link, List, Validate, Select, Table"
"passed","Wed Aug 20 16:35:47 UTC 2025","Wed Aug 20 16:36:13 UTC 2025","26442","","com.zerobank.project.ZeroBank4Test","","com.zerobank.project.ZeroBank4Test","radioButtonTest","radioButtonTest(Quest)","COMPONENTS: Button, Input, Link, List, Select, Radio, Alert"
"passed","Wed Aug 20 16:35:55 UTC 2025","Wed Aug 20 16:36:24 UTC 2025","29263","","com.zerobank.project.ZeroBank3Test","","com.zerobank.project.ZeroBank3Test","tableWithButtonCustomServiceAssert","tableWithButtonCustomServiceAssert(Quest)","COMPONENTS: Button, Input, Link, List, Validate, Select, Table"
"passed","Wed Aug 20 16:36:13 UTC 2025","Wed Aug 20 16:36:23 UTC 2025","10392","","com.zerobank.project.ZeroBankTest","","com.zerobank.project.ZeroBankTest","tableCertainCellsAssert","tableCertainCellsAssert(Quest)","COMPONENTS: Button, Input, Link, List, Validate, Select, Table"
"passed","Wed Aug 20 16:35:49 UTC 2025","Wed Aug 20 16:36:10 UTC 2025","21112","","com.zerobank.project.ZeroBank1Test","","com.zerobank.project.ZeroBank1Test","tableFromToRowsCertainCellsAssert","tableFromToRowsCertainCellsAssert(Quest)","COMPONENTS: Button, Input, Link, List, Validate, Select, Table"
"passed","Wed Aug 20 16:35:55 UTC 2025","Wed Aug 20 16:36:15 UTC 2025","20822","","com.zerobank.project.ZeroBank3Test","","com.zerobank.project.ZeroBank3Test","tableWithButtonCustomServiceReadRowWithSearchCriteriaAssert","tableWithButtonCustomServiceReadRowWithSearchCriteriaAssert(Quest)","COMPONENTS: Button, Input, Link, List, Validate, Select, Table"
"passed","Wed Aug 20 16:35:56 UTC 2025","Wed Aug 20 16:36:18 UTC 2025","22660","","com.zerobank.project.ZeroBank5Test","","com.zerobank.project.ZeroBank5Test","alertTest","alertTest(Quest)","COMPONENTS: Button, Input, Link, Select, Alert"
"passed","Wed Aug 20 16:35:54 UTC 2025","Wed Aug 20 16:36:14 UTC 2025","20709","","com.zerobank.project.ZeroBank2Test","","com.zerobank.project.ZeroBank2Test","tableWithButtonCustomServiceReadRowWithSearchCriteriaAssert","tableWithButtonCustomServiceReadRowWithSearchCriteriaAssert(Quest)","COMPONENTS: Button, Input, Link, List, Validate, Select, Table"
"passed","Wed Aug 20 16:36:48 UTC 2025","Wed Aug 20 16:37:18 UTC 2025","30560","","com.zerobank.project.ZeroBank6Test","","com.zerobank.project.ZeroBank6Test","paragraphTextValueTestMixedAssertions","paragraphTextValueTestMixedAssertions(Quest)","COMPONENTS: Button, Input, Link, List, Validate, Select"
"passed","Wed Aug 20 16:35:49 UTC 2025","Wed Aug 20 16:36:19 UTC 2025","29673","","com.zerobank.project.ZeroBank1Test","","com.zerobank.project.ZeroBank1Test","tableWithButtonCustomServiceAssert","tableWithButtonCustomServiceAssert(Quest)","COMPONENTS: Button, Input, Link, List, Validate, Select, Table"
"passed","Wed Aug 20 16:36:48 UTC 2025","Wed Aug 20 16:37:22 UTC 2025","34439","","com.zerobank.project.ZeroBank6Test","","com.zerobank.project.ZeroBank6Test","tableWithButtonCustomServiceAssert","tableWithButtonCustomServiceAssert(Quest)","COMPONENTS: Button, Input, Link, List, Validate, Select, Table"
"passed","Wed Aug 20 16:36:25 UTC 2025","Wed Aug 20 16:36:37 UTC 2025","11628","","com.zerobank.project.ZeroBank7Test","","com.zerobank.project.ZeroBank7Test","tableCertainCellsAssert","tableCertainCellsAssert(Quest)","COMPONENTS: Button, Input, Link, List, Validate, Select, Table"
"passed","Wed Aug 20 16:35:55 UTC 2025","Wed Aug 20 16:36:17 UTC 2025","22884","","com.zerobank.project.ZeroBank3Test","","com.zerobank.project.ZeroBank3Test","alertTest","alertTest(Quest)","COMPONENTS: Button, Input, Link, Select, Alert"
"passed","Wed Aug 20 16:35:52 UTC 2025","Wed Aug 20 16:36:18 UTC 2025","26769","","com.zerobank.project.ZeroBankTest","","com.zerobank.project.ZeroBankTest","paragraphTextValueTestHardAssertions","paragraphTextValueTestHardAssertions(Quest)","COMPONENTS: Button, Input, Link, List, Validate, Select"
"passed","Wed Aug 20 16:35:56 UTC 2025","Wed Aug 20 16:36:24 UTC 2025","28725","","com.zerobank.project.ZeroBank5Test","","com.zerobank.project.ZeroBank5Test","paragraphTextValueTestHardAssertions","paragraphTextValueTestHardAssertions(Quest)","COMPONENTS: Button, Input, Link, List, Validate, Select"
"passed","Wed Aug 20 16:36:48 UTC 2025","Wed Aug 20 16:37:11 UTC 2025","23661","","com.zerobank.project.ZeroBank6Test","","com.zerobank.project.ZeroBank6Test","tableWithButtonCustomServiceReadRowWithSearchCriteriaAssert","tableWithButtonCustomServiceReadRowWithSearchCriteriaAssert(Quest)","COMPONENTS: Button, Input, Link, List, Validate, Select, Table"
"passed","Wed Aug 20 16:35:47 UTC 2025","Wed Aug 20 16:36:18 UTC 2025","30822","","com.zerobank.project.ZeroBank4Test","","com.zerobank.project.ZeroBank4Test","tableWithButtonCustomServiceAssert","tableWithButtonCustomServiceAssert(Quest)","COMPONENTS: Button, Input, Link, List, Validate, Select, Table"
"passed","Wed Aug 20 16:35:54 UTC 2025","Wed Aug 20 16:36:15 UTC 2025","21801","","com.zerobank.project.ZeroBank2Test","","com.zerobank.project.ZeroBank2Test","tableFromToRowsAssert","tableFromToRowsAssert(Quest)","COMPONENTS: Button, Input, Link, List, Validate, Select, Table"
"passed","Wed Aug 20 16:35:49 UTC 2025","Wed Aug 20 16:36:13 UTC 2025","24266","","com.zerobank.project.ZeroBank1Test","","com.zerobank.project.ZeroBank1Test","alertTest","alertTest(Quest)","COMPONENTS: Button, Input, Link, Select, Alert"
"passed","Wed Aug 20 16:35:47 UTC 2025","Wed Aug 20 16:36:09 UTC 2025","21663","","com.zerobank.project.ZeroBank4Test","","com.zerobank.project.ZeroBank4Test","tableWithButtonCustomServiceReadRowWithSearchCriteriaAssert","tableWithButtonCustomServiceReadRowWithSearchCriteriaAssert(Quest)","COMPONENTS: Button, Input, Link, List, Validate, Select, Table"
"passed","Wed Aug 20 16:35:49 UTC 2025","Wed Aug 20 16:36:14 UTC 2025","24842","","com.zerobank.project.ZeroBank1Test","","com.zerobank.project.ZeroBank1Test","tableWithLinkComponentAssert","tableWithLinkComponentAssert(Quest)","COMPONENTS: Button, Input, Link, List, Validate, Select, Table"
"passed","Wed Aug 20 16:35:47 UTC 2025","Wed Aug 20 16:36:10 UTC 2025","23389","","com.zerobank.project.ZeroBank4Test","","com.zerobank.project.ZeroBank4Test","alertTest","alertTest(Quest)","COMPONENTS: Button, Input, Link, Select, Alert"
"passed","Wed Aug 20 16:36:03 UTC 2025","Wed Aug 20 16:36:35 UTC 2025","31787","","com.zerobank.project.ZeroBank7Test","","com.zerobank.project.ZeroBank7Test","paragraphTextValueTestSoftAssertions","paragraphTextValueTestSoftAssertions(Quest)","COMPONENTS: Button, Input, Link, List, Validate, Select, Alert"
"passed","Wed Aug 20 16:35:52 UTC 2025","Wed Aug 20 16:36:22 UTC 2025","29932","","com.zerobank.project.ZeroBankTest","","com.zerobank.project.ZeroBankTest","paragraphTextValueTestSoftAssertions","paragraphTextValueTestSoftAssertions(Quest)","COMPONENTS: Button, Input, Link, List, Validate, Select, Alert"
"passed","Wed Aug 20 16:36:48 UTC 2025","Wed Aug 20 16:37:21 UTC 2025","33327","","com.zerobank.project.ZeroBank6Test","","com.zerobank.project.ZeroBank6Test","tableAssert","tableAssert(Quest)","COMPONENTS: Button, Input, Link, List, Validate, Select, Table"
"passed","Wed Aug 20 16:35:54 UTC 2025","Wed Aug 20 16:36:17 UTC 2025","23241","","com.zerobank.project.ZeroBank2Test","","com.zerobank.project.ZeroBank2Test","tableWithLinkComponentAssert","tableWithLinkComponentAssert(Quest)","COMPONENTS: Button, Input, Link, List, Validate, Select, Table"
"passed","Wed Aug 20 16:36:48 UTC 2025","Wed Aug 20 16:37:19 UTC 2025","31624","","com.zerobank.project.ZeroBank6Test","","com.zerobank.project.ZeroBank6Test","paragraphTextValueTestHardAssertions","paragraphTextValueTestHardAssertions(Quest)","COMPONENTS: Button, Input, Link, List, Validate, Select"
"passed","Wed Aug 20 16:36:48 UTC 2025","Wed Aug 20 16:37:14 UTC 2025","26639","","com.zerobank.project.ZeroBank6Test","","com.zerobank.project.ZeroBank6Test","alertTest","alertTest(Quest)","COMPONENTS: Button, Input, Link, Select, Alert"
"passed","Wed Aug 20 16:36:03 UTC 2025","Wed Aug 20 16:36:31 UTC 2025","27865","","com.zerobank.project.ZeroBank7Test","","com.zerobank.project.ZeroBank7Test","paragraphTextValueTestHardAssertions","paragraphTextValueTestHardAssertions(Quest)","COMPONENTS: Button, Input, Link, List, Validate, Select"
"passed","Wed Aug 20 16:36:03 UTC 2025","Wed Aug 20 16:36:31 UTC 2025","27896","","com.zerobank.project.ZeroBank7Test","","com.zerobank.project.ZeroBank7Test","paragraphTextValueTestMixedAssertions","paragraphTextValueTestMixedAssertions(Quest)","COMPONENTS: Button, Input, Link, List, Validate, Select"
"passed","Wed Aug 20 16:37:12 UTC 2025","Wed Aug 20 16:37:23 UTC 2025","11274","","com.zerobank.project.ZeroBank6Test","","com.zerobank.project.ZeroBank6Test","tableFromToRowsAssert","tableFromToRowsAssert(Quest)","COMPONENTS: Button, Input, Link, List, Validate, Select, Table"
"passed","Wed Aug 20 16:36:03 UTC 2025","Wed Aug 20 16:36:25 UTC 2025","21540","","com.zerobank.project.ZeroBank7Test","","com.zerobank.project.ZeroBank7Test","alertTest","alertTest(Quest)","COMPONENTS: Button, Input, Link, Select, Alert"
"passed","Wed Aug 20 16:35:52 UTC 2025","Wed Aug 20 16:36:14 UTC 2025","22348","","com.zerobank.project.ZeroBankTest","","com.zerobank.project.ZeroBankTest","tableFromToRowsAssert","tableFromToRowsAssert(Quest)","COMPONENTS: Button, Input, Link, List, Validate, Select, Table"
"passed","Wed Aug 20 16:35:52 UTC 2025","Wed Aug 20 16:36:14 UTC 2025","22917","","com.zerobank.project.ZeroBankTest","","com.zerobank.project.ZeroBankTest","tableWithLinkComponentAssert","tableWithLinkComponentAssert(Quest)","COMPONENTS: Button, Input, Link, List, Validate, Select, Table"
"passed","Wed Aug 20 16:35:56 UTC 2025","Wed Aug 20 16:36:23 UTC 2025","27903","","com.zerobank.project.ZeroBank5Test","","com.zerobank.project.ZeroBank5Test","paragraphTextValueTestMixedAssertions","paragraphTextValueTestMixedAssertions(Quest)","COMPONENTS: Button, Input, Link, List, Validate, Select"
"passed","Wed Aug 20 16:36:25 UTC 2025","Wed Aug 20 16:36:36 UTC 2025","10880","","com.zerobank.project.ZeroBank7Test","","com.zerobank.project.ZeroBank7Test","tableWithButtonCustomServiceClickElementWithSearchCriteriaAssert","tableWithButtonCustomServiceClickElementWithSearchCriteriaAssert(Quest)","COMPONENTS: Button, Input, Link, List, Validate, Select, Table"
"passed","Wed Aug 20 16:36:03 UTC 2025","Wed Aug 20 16:36:24 UTC 2025","20369","","com.zerobank.project.ZeroBank7Test","","com.zerobank.project.ZeroBank7Test","tableWithButtonCustomServiceReadRowWithSearchCriteriaAssert","tableWithButtonCustomServiceReadRowWithSearchCriteriaAssert(Quest)","COMPONENTS: Button, Input, Link, List, Validate, Select, Table"
"passed","Wed Aug 20 16:36:10 UTC 2025","Wed Aug 20 16:36:20 UTC 2025","10217","","com.zerobank.project.ZeroBank1Test","","com.zerobank.project.ZeroBank1Test","tableWithButtonCustomServiceClickElementWithSearchCriteriaAssert","tableWithButtonCustomServiceClickElementWithSearchCriteriaAssert(Quest)","COMPONENTS: Button, Input, Link, List, Validate, Select, Table"
"passed","Wed Aug 20 16:35:55 UTC 2025","Wed Aug 20 16:36:23 UTC 2025","28462","","com.zerobank.project.ZeroBank3Test","","com.zerobank.project.ZeroBank3Test","paragraphTextValueTestHardAssertions","paragraphTextValueTestHardAssertions(Quest)","COMPONENTS: Button, Input, Link, List, Validate, Select"
"passed","Wed Aug 20 16:35:52 UTC 2025","Wed Aug 20 16:36:13 UTC 2025","21806","","com.zerobank.project.ZeroBankTest","","com.zerobank.project.ZeroBankTest","alertTest","alertTest(Quest)","COMPONENTS: Button, Input, Link, Select, Alert"
"passed","Wed Aug 20 16:35:49 UTC 2025","Wed Aug 20 16:36:20 UTC 2025","31389","","com.zerobank.project.ZeroBank1Test","","com.zerobank.project.ZeroBank1Test","paragraphTextValueTestSoftAssertions","paragraphTextValueTestSoftAssertions(Quest)","COMPONENTS: Button, Input, Link, List, Validate, Select, Alert"
"passed","Wed Aug 20 16:35:49 UTC 2025","Wed Aug 20 16:36:09 UTC 2025","20443","","com.zerobank.project.ZeroBank1Test","","com.zerobank.project.ZeroBank1Test","tableWithButtonCustomServiceReadRowWithSearchCriteriaAssert","tableWithButtonCustomServiceReadRowWithSearchCriteriaAssert(Quest)","COMPONENTS: Button, Input, Link, List, Validate, Select, Table"
"passed","Wed Aug 20 16:35:55 UTC 2025","Wed Aug 20 16:36:19 UTC 2025","24265","","com.zerobank.project.ZeroBank3Test","","com.zerobank.project.ZeroBank3Test","tableWithLinkComponentAssert","tableWithLinkComponentAssert(Quest)","COMPONENTS: Button, Input, Link, List, Validate, Select, Table"
"passed","Wed Aug 20 16:35:55 UTC 2025","Wed Aug 20 16:36:23 UTC 2025","28300","","com.zerobank.project.ZeroBank3Test","","com.zerobank.project.ZeroBank3Test","paragraphTextValueTestMixedAssertions","paragraphTextValueTestMixedAssertions(Quest)","COMPONENTS: Button, Input, Link, List, Validate, Select"
"passed","Wed Aug 20 16:36:03 UTC 2025","Wed Aug 20 16:36:33 UTC 2025","29938","","com.zerobank.project.ZeroBank7Test","","com.zerobank.project.ZeroBank7Test","tableWithButtonCustomServiceAssert","tableWithButtonCustomServiceAssert(Quest)","COMPONENTS: Button, Input, Link, List, Validate, Select, Table"
"passed","Wed Aug 20 16:35:54 UTC 2025","Wed Aug 20 16:36:16 UTC 2025","22538","","com.zerobank.project.ZeroBank2Test","","com.zerobank.project.ZeroBank2Test","alertTest","alertTest(Quest)","COMPONENTS: Button, Input, Link, Select, Alert"
"passed","Wed Aug 20 16:35:52 UTC 2025","Wed Aug 20 16:36:11 UTC 2025","19902","","com.zerobank.project.ZeroBankTest","","com.zerobank.project.ZeroBankTest","tableWithButtonCustomServiceReadRowWithSearchCriteriaAssert","tableWithButtonCustomServiceReadRowWithSearchCriteriaAssert(Quest)","COMPONENTS: Button, Input, Link, List, Validate, Select, Table"
"passed","Wed Aug 20 16:35:47 UTC 2025","Wed Aug 20 16:36:09 UTC 2025","22097","","com.zerobank.project.ZeroBank4Test","","com.zerobank.project.ZeroBank4Test","tableFromToRowsCertainCellsAssert","tableFromToRowsCertainCellsAssert(Quest)","COMPONENTS: Button, Input, Link, List, Validate, Select, Table"
"passed","Wed Aug 20 16:36:09 UTC 2025","Wed Aug 20 16:36:21 UTC 2025","11608","","com.zerobank.project.ZeroBank4Test","","com.zerobank.project.ZeroBank4Test","tableWithButtonCustomServiceClickElementWithSearchCriteriaAssert","tableWithButtonCustomServiceClickElementWithSearchCriteriaAssert(Quest)","COMPONENTS: Button, Input, Link, List, Validate, Select, Table"
"passed","Wed Aug 20 16:36:03 UTC 2025","Wed Aug 20 16:36:29 UTC 2025","25241","","com.zerobank.project.ZeroBank7Test","","com.zerobank.project.ZeroBank7Test","radioButtonTest","radioButtonTest(Quest)","COMPONENTS: Button, Input, Link, List, Select, Radio, Alert"
"passed","Wed Aug 20 16:35:47 UTC 2025","Wed Aug 20 16:36:11 UTC 2025","24512","","com.zerobank.project.ZeroBank4Test","","com.zerobank.project.ZeroBank4Test","tableWithLinkComponentAssert","tableWithLinkComponentAssert(Quest)","COMPONENTS: Button, Input, Link, List, Validate, Select, Table"
